cam0:
  T_cam_imu:
  - [0.7084247301578341, 0.7057459448261132, -0.0075540096833159875, 0.0006]
  - [0.01131860102326726, -0.022061853953308508, -0.9996925346680439, -0.000386]
  - [-0.7056956078733061, 0.7081214132912792, -0.02361721970692976, -0.04754]
  - [0.0, 0.0, 0.0, 1.0]
  cam_overlaps: [1, 2]
  camera_model: omni
  distortion_coeffs: [-0.16962844499904475, 0.41539185132299306, -0.0004312110295057035, 0.001596453765495537]
  distortion_model: radtan
  intrinsics: [3.108338730514428, 1623.239691389697, 1622.557255472561, 535.0021080542028, 639.5527117567896]
  resolution: [1088, 1280]
  rostopic: /fisheye/left/image_raw
cam1:
  T_cn_cnm1:
  - [-0.004207616154112526, -0.002988926010355039, -0.9999866810551039, -0.04682681268045958]
  - [0.013444804097945438, 0.9999049773234183, -0.0030452531290754434, -0.00023684623047584956]
  - [0.9999007616804105, -0.013457438283599792, -0.004167030810491135, -0.04828130963236367]
  - [0.0, 0.0, 0.0, 1.0]
  cam_overlaps: [0, 3]
  camera_model: omni
  distortion_coeffs: [-0.13776475256770962, 0.5661791393186536, -0.0018105730571263726, 0.0010262251882852487]
  distortion_model: radtan
  intrinsics: [3.191361201145968, 1661.9416630184824, 1660.6577363441727, 542.022336877409, 641.481328068431]
  resolution: [1088, 1280]
  rostopic: /fisheye/right/image_raw
cam2:
  T_cn_cnm1:
  - [-0.9999339173337286, -0.011005317353905232, -0.003323244732008557, 0.000453854664459438]
  - [-0.010926598757068515, 0.999679358743797, -0.022842704331532446, -0.0010555494954789116]
  - [0.0035735703730329833, -0.022804883062967338, -0.9997335479532826, -0.09487459571657933]
  - [0.0, 0.0, 0.0, 1.0]
  cam_overlaps: [1, 2]
  camera_model: omni
  distortion_coeffs: [-0.15329847012130268, 0.46963023505829765, 0.0016442167429183497, 0.0024900874265155327]
  distortion_model: radtan
  intrinsics: [3.1657515311741116, 1646.5466284573383, 1646.0790056525818, 542.3895450494697, 602.4583830724317]
  resolution: [1088, 1280]
  rostopic: /fisheye/bright/image_raw
cam3:
  T_cn_cnm1:
  - [-0.004538429888728601, 0.005402115632026854, 0.9999751095906517, 0.04698970748708241]
  - [-0.01388530454797771, 0.9998886616643254, -0.005464667668453125, -0.00016792188162810556]
  - [-0.9998932947928731, -0.01390975994814211, -0.004462914566744136, -0.047497195400886726]
  - [0.0, 0.0, 0.0, 1.0]
  cam_overlaps: [0, 3]
  camera_model: omni
  distortion_coeffs: [-0.16623177949900816, 1.144560516857376, 0.0006507992533858421, -0.0007939702737884756]
  distortion_model: radtan
  intrinsics: [3.223887488781801, 1669.7643362088063, 1668.3540407338633, 544.4614368407587, 621.7953198441667]
  resolution: [1088, 1280]
  rostopic: /fisheye/bleft/image_raw
